"16,111,27,30|16,65,27,30|16,194,59,30|16,152,49,31|16,277,48,30|16,236,80,29|517,111,26,30|600,65,27,30|790,152,26,31|696,14,24,24|" & _
"24,24,24,24|24,24,24,24|58,111,26,30|86,65,26,30|89,194,27,30|79,152,27,31|79,277,26,30|26,30,26,30|26,30,26,30|653,65,26,30|" & _
"831,152,27,31|825,14,41,25|41,25,41,25|41,25,41,25|100,111,26,30|128,65,26,30|131,194,26,30|121,152,27,31|120,277,38,30|" & _
"110,236,27,29|559,111,68,30|695,65,26,30|873,152,26,31|786,63,38,25|38,25,38,25|38,25,38,25|142,111,26,30|170,65,26,30|173,194,26,30|" & _
"163,152,27,31|27,31,27,31|152,236,26,29|653,152,26,31|737,65,26,30|26,30,26,30|826,63,38,25|38,25,38,25|38,25,38,25|184,111,26,30|" & _
"211,65,26,30|215,194,26,30|204,152,27,31|173,277,256,30|194,236,26,29|695,152,26,31|653,111,26,30|790,194,26,30|866,63,38,25|" & _
"38,25,38,25|38,25,38,25|225,111,26,30|281,65,26,30|257,194,26,30|246,152,27,31|27,31,27,31|236,236,26,30|737,152,26,31|695,111,26,30|" & _
"831,194,27,30|906,63,39,25|39,25,39,25|39,25,39,25|267,111,26,30|323,65,26,30|298,194,26,30|288,152,27,31|27,31,27,31|277,236,26,29|" & _
"527,236,100,29|737,111,26,30|873,194,26,30|789,111,26,30|26,30,26,30|26,30,26,30|309,111,26,30|364,65,26,30|340,194,26,30|329,152,27,31|" & _
"444,277,37,30|318,236,26,29|580,277,47,30|538,152,27,31|790,235,26,30|831,111,27,30|27,30,27,30|27,30,27,30|350,111,26,30|406,65,26,30|" & _
"381,194,26,30|371,152,27,31|496,277,26,30|361,236,26,29|695,236,26,29|579,152,48,31|831,235,27,30|873,111,26,30|26,30,26,30|" & _
"26,30,26,30|392,111,26,30|475,65,26,30|423,194,26,30|413,152,27,31|537,277,27,30|402,236,26,29|653,277,26,30|26,30,26,30|" & _
"873,235,26,30|914,111,27,31|27,31,27,31|27,31,27,31|434,111,26,30|517,65,26,30|465,194,26,30|454,152,27,31|27,31,27,31|444,236,26,29|" & _
"695,277,26,30|548,194,79,30|790,277,68,30|914,152,27,72|27,72,27,72|27,72,27,72|475,111,26,30|559,65,26,30|506,194,27,30|496,152,27,31|" & _
"655,14,24,24|486,236,26,29|737,277,26,30|26,30,26,30|873,277,26,30|914,235,27,72|27,72,27,72|27,72,27,72|27,72,27,72"







Split("16,111,27,30|16,65,27,30|16,194,59,30|16,152,49,31|16,277,48,30|16,236,80,29|517,111,26,30|600,65,27,30|790,152,26,31|696,14,24,24|" & _
"||58,111,26,30|86,65,26,30|89,194,27,30|79,152,27,31|79,277,26,30|||653,65,26,30|831,152,27,31|825,14,41,25|||100,111,26,30|128,65,26,30|" & _
"131,194,26,30|121,152,27,31|120,277,38,30|110,236,27,29|559,111,68,30|695,65,26,30|873,152,26,31|786,63,38,25|||142,111,26,30|170,65,26,30|" & _
"173,194,26,30|163,152,27,31||152,236,26,29|653,152,26,31|737,65,26,30||826,63,38,25|||184,111,26,30|211,65,26,30|215,194,26,30|204,152,27,31|" & _
"173,277,256,30|194,236,26,29|695,152,26,31|653,111,26,30|790,194,26,30|866,63,38,25|||225,111,26,30|281,65,26,30|257,194,26,30|246,152,27,31|" & _
"|236,236,26,30|737,152,26,31|695,111,26,30|831,194,27,30|906,63,39,25|||267,111,26,30|323,65,26,30|298,194,26,30|288,152,27,31||277,236,26,29|" & _
"527,236,100,29|737,111,26,30|873,194,26,30|789,111,26,30|||309,111,26,30|364,65,26,30|340,194,26,30|329,152,27,31|444,277,37,30|318,236,26,29|" & _
"580,277,47,30|538,152,27,31|790,235,26,30|831,111,27,30|||350,111,26,30|406,65,26,30|381,194,26,30|371,152,27,31|496,277,26,30|361,236,26,29|" & _
"695,236,26,29|579,152,48,31|831,235,27,30|873,111,26,30|||392,111,26,30|475,65,26,30|423,194,26,30|413,152,27,31|537,277,27,30|402,236,26,29|" & _
"653,277,26,30||873,235,26,30|914,111,27,31|||434,111,26,30|517,65,26,30|465,194,26,30|454,152,27,31||444,236,26,29|695,277,26,30|548,194,79,30|" & _
"790,277,68,30|914,152,27,72|||475,111,26,30|559,65,26,30|506,194,27,30|496,152,27,31|655,14,24,24|486,236,26,29|737,277,26,30||873,277,26,30|" & _
"914,235,27,72|||","|")