//RED ONLY
	#packet1
 7F 01 3C 00 FF 00 00 00 00 00 00 00 00 00 00 00   .<.ÿ...........
 00 00 00 00 00 00 00 00 00 00 00 00 00 00 00 00   ................
 00 00 00 00 00 00 00 00 00 00 00 00 00 00 00 00   ................
 00 00 00 00 00 00 00 00 00 00 00 00 00 00 00 00   ................
 
	#packet2
 7F 02 3C 00 00 00 00 00 00 00 00 00 00 00 00 00   .<.............
 00 00 00 00 00 00 00 00 00 00 00 00 00 00 00 00   ................
 00 00 00 00 00 00 00 00 00 00 00 00 00 00 00 00   ................
 00 00 00 00 00 00 00 00 00 00 00 00 00 00 00 00   ................
 
	#packet3
 7F 03 18 00 00 00 00 00 00 00 00 00 00 00 00 00   ...............
 00 00 00 00 00 00 00 00 00 00 00 00 00 00 00 00   ................
 00 00 00 00 00 00 00 00 00 00 00 00 00 00 00 00   ................
 00 00 00 00 00 00 00 00 00 00 00 00 00 00 00 00   ................

 	#packet4
 07 28 01 03 02 00 00 00 00 00 00 00 00 00 00 00   .(..............
 00 00 00 00 00 00 00 00 00 00 00 00 00 00 00 00   ................
 00 00 00 00 00 00 00 00 00 00 00 00 00 00 00 00   ................
 00 00 00 00 00 00 00 00 00 00 00 00 00 00 00 00   ................

 
//GREEN ONLY
	#packet1
 7F 01 3C 00 FF 00 00 00 00 00 00 00 00 00 00 00    .<.ÿ...........
 00 00 00 00 00 00 00 00 00 00 00 00 00 00 00 00   ................
 00 00 00 00 00 00 00 00 00 00 00 00 00 00 00 00   ................
 00 00 00 00 00 00 00 00 00 00 00 00 00 00 00 00   ................
 
 	#packet2
 7F 02 3C 00 00 00 00 00 00 00 00 00 00 00 00 00   .<.............
 00 00 00 00 00 00 00 00 00 00 00 00 00 00 00 00   ................
 00 00 00 00 00 00 00 00 00 00 00 00 00 00 00 00   ................
 00 00 00 00 00 00 00 00 00 00 00 00 00 00 00 00   ................

 	#packet3
 7F 03 18 00 00 00 00 00 00 00 00 00 00 00 00 00   ...............
 00 00 00 00 00 00 00 00 00 00 00 00 00 00 00 00   ................
 00 00 00 00 00 00 00 00 00 00 00 00 00 00 00 00   ................
 00 00 00 00 00 00 00 00 00 00 00 00 00 00 00 00   ................

 	#packet4
 07 28 02 03 02 00 00 00 00 00 00 00 00 00 00 00   .(..............
 00 00 00 00 00 00 00 00 00 00 00 00 00 00 00 00   ................
 00 00 00 00 00 00 00 00 00 00 00 00 00 00 00 00   ................
 00 00 00 00 00 00 00 00 00 00 00 00 00 00 00 00   ................

//BLUE ONLY
	#packet1
 7F 01 3C 00 FF 00 00 00 00 00 00 00 00 00 00 00   .<.ÿ...........
 00 00 00 00 00 00 00 00 00 00 00 00 00 00 00 00   ................
 00 00 00 00 00 00 00 00 00 00 00 00 00 00 00 00   ................
 00 00 00 00 00 00 00 00 00 00 00 00 00 00 00 00   ................

 	#packet2
 7F 02 3C 00 00 00 00 00 00 00 00 00 00 00 00 00   .<.............
 00 00 00 00 00 00 00 00 00 00 00 00 00 00 00 00   ................
 00 00 00 00 00 00 00 00 00 00 00 00 00 00 00 00   ................
 00 00 00 00 00 00 00 00 00 00 00 00 00 00 00 00   ................

 	#packet3
 7F 03 18 00 00 00 00 00 00 00 00 00 00 00 00 00   ...............
 00 00 00 00 00 00 00 00 00 00 00 00 00 00 00 00   ................
 00 00 00 00 00 00 00 00 00 00 00 00 00 00 00 00   ................
 00 00 00 00 00 00 00 00 00 00 00 00 00 00 00 00   ................

 	#packet4
 07 28 03 03 02 00 00 00 00 00 00 00 00 00 00 00   .(..............
 00 00 00 00 00 00 00 00 00 00 00 00 00 00 00 00   ................
 00 00 00 00 00 00 00 00 00 00 00 00 00 00 00 00   ................
 00 00 00 00 00 00 00 00 00 00 00 00 00 00 00 00   ................

 